              precision    recall  f1-score   support

           0       0.91      0.98      0.94       460
           1       0.96      0.97      0.96       571
           2       0.83      0.92      0.87       530
           3       0.92      0.92      0.92       500
           4       0.93      0.86      0.89       500
           5       0.87      0.87      0.87       456
           6       0.92      0.87      0.90       462
           7       0.92      0.81      0.86       512
           8       0.86      0.89      0.88       489
           9       0.86      0.86      0.86       520

    accuracy                           0.90      5000
   macro avg       0.90      0.90      0.90      5000
weighted avg       0.90      0.90      0.90      5000
